PARAMETRY: S=1000, Sr=999, lO=0.5, lH=0.2
Czas	Ro	Q	W
0	0.00	0	0.00
1	0.00	0	0.00
2	0.00	2	0.00
3	0.00	4	0.50
4	0.00	4	1.50
5	0.00	5	2.00
6	0.00	6	2.50
7	0.00	6	3.50
8	0.00	6	4.50
9	0.00	7	4.71
10	0.00	8	5.00
11	0.00	8	6.00
12	0.00	11	5.09
13	0.00	12	5.58
14	0.00	13	6.08
15	0.00	14	6.57
16	0.00	16	6.62
17	0.00	16	7.62
18	0.00	16	8.62
19	0.00	16	9.62
20	0.00	16	10.62
21	0.00	18	10.33
22	0.00	19	10.74
23	0.00	19	11.74
24	0.00	19	12.74
25	0.00	19	13.74
26	0.00	19	14.74
27	0.00	20	14.95
28	0.00	20	15.95
29	0.00	20	16.95
30	0.00	21	17.10
31	0.00	21	18.10
32	0.00	21	19.10
33	0.00	21	20.10
34	0.00	22	20.14
35	0.00	23	20.22
36	0.00	26	18.77
37	0.00	26	19.77
38	0.00	26	20.77
39	0.00	27	20.96
40	0.00	29	20.45
41	0.00	29	21.45
42	0.00	29	22.45
43	0.00	29	23.45
44	0.00	29	24.45
45	0.00	30	24.60
46	0.00	30	25.60
47	0.00	30	26.60
48	0.00	31	26.71
49	0.00	31	27.71
50	0.00	31	28.71
51	0.01	32	28.78
52	0.01	32	29.78
53	0.01	33	29.85
54	0.01	36	28.28
55	0.01	36	29.28
56	0.01	37	29.46
57	0.01	37	30.46
58	0.01	37	31.46
59	0.01	37	32.46
60	0.01	37	33.46
61	0.01	38	33.55
62	0.01	38	34.55
63	0.01	38	35.55
64	0.01	38	36.55
65	0.01	38	37.55
66	0.01	39	37.56
67	0.01	39	38.56
68	0.01	39	39.56
69	0.01	39	40.56
70	0.01	40	40.52
71	0.01	40	41.52
72	0.01	40	42.52
73	0.01	40	43.52
74	0.01	41	43.44
75	0.01	43	42.37
76	0.01	43	43.37
77	0.01	43	44.37
78	0.01	43	45.37
79	0.01	44	45.32
80	0.01	44	46.32
81	0.01	44	47.32
82	0.01	45	47.24
83	0.01	45	48.24
84	0.01	45	49.24
85	0.01	45	50.24
86	0.01	47	49.06
87	0.01	47	50.06
88	0.01	47	51.06
89	0.01	47	52.06
90	0.01	48	51.96
91	0.01	48	52.96
92	0.01	48	53.96
93	0.01	49	53.84
94	0.01	49	54.84
95	0.01	49	55.84
96	0.01	51	54.61
97	0.01	51	55.61
98	0.01	51	56.61
99	0.01	51	57.61
100	0.01	51	58.61
101	0.01	51	59.61
102	0.01	51	60.61
103	0.01	51	61.61
104	0.01	51	62.61
105	0.01	51	63.61
106	0.01	51	64.61
107	0.01	51	65.61
108	0.01	51	66.61
109	0.01	52	66.31
110	0.01	53	66.04
111	0.01	53	67.04
112	0.01	54	66.78
113	0.01	54	67.78
114	0.01	54	68.78
115	0.01	54	69.78
116	0.01	55	69.49
117	0.01	56	69.23
118	0.01	56	70.23
119	0.01	58	68.78
120	0.01	58	69.78
121	0.01	60	68.42
122	0.01	60	69.42
123	0.01	60	70.42
124	0.01	60	71.42
125	0.01	60	72.42
126	0.01	60	73.42
127	0.01	60	74.42
128	0.01	60	75.42
129	0.01	61	75.16
130	0.01	61	76.16
131	0.01	62	75.92
132	0.01	63	75.70
133	0.01	63	76.70
134	0.01	63	77.70
135	0.01	63	78.70
136	0.01	63	79.70
137	0.01	64	79.44
138	0.01	64	80.44
139	0.01	65	80.18
140	0.01	65	81.18
141	0.01	67	79.73
142	0.01	67	80.73
143	0.01	68	80.53
144	0.01	69	80.35
145	0.01	69	81.35
146	0.01	70	81.17
147	0.01	71	81.01
148	0.01	72	80.88
149	0.01	72	81.88
150	0.01	74	80.64
151	0.01	74	81.64
152	0.01	75	81.53
153	0.01	75	82.53
154	0.01	75	83.53
155	0.01	76	83.42
156	0.01	76	84.42
157	0.01	77	84.31
158	0.01	77	85.31
159	0.01	77	86.31
160	0.01	78	86.19
161	0.01	78	87.19
162	0.01	79	87.08
163	0.01	80	86.97
164	0.01	80	87.97
165	0.01	81	87.88
166	0.01	82	87.79
167	0.01	82	88.79
168	0.01	83	88.71
169	0.01	84	88.64
170	0.01	84	89.64
171	0.01	84	90.64
172	0.01	84	91.64
173	0.01	84	92.64
174	0.01	84	93.64
175	0.01	84	94.64
176	0.01	85	94.52
177	0.01	86	94.41
178	0.01	86	95.41
179	0.01	86	96.41
180	0.01	86	97.41
181	0.01	86	98.41
182	0.01	86	99.41
183	0.01	87	99.25
184	0.01	90	96.91
185	0.01	92	95.78
186	0.01	93	95.74
187	0.01	93	96.74
188	0.01	94	96.70
189	0.01	96	95.67
190	0.01	96	96.67
191	0.01	96	97.67
192	0.01	96	98.67
193	0.01	97	98.64
194	0.01	98	98.62
195	0.01	101	96.66
196	0.01	104	94.85
197	0.01	106	94.04
198	0.01	106	95.04
199	0.01	106	96.04
200	0.01	106	97.04
201	0.01	107	97.12
202	0.01	108	97.21
203	0.01	109	97.31
204	0.01	109	98.31
205	0.01	109	99.31
206	0.01	109	100.31
207	0.01	109	101.31
208	0.01	109	102.31
209	0.01	109	103.31
210	0.01	111	102.43
211	0.01	111	103.43
212	0.01	111	104.43
213	0.01	111	105.43
214	0.01	112	105.48
215	0.01	112	106.48
216	0.01	112	107.48
217	0.01	112	108.48
218	0.01	113	108.51
219	0.01	113	109.51
220	0.01	113	110.51
221	0.01	115	109.57
222	0.01	115	110.57
223	0.01	115	111.57
224	0.01	117	110.65
225	0.01	117	111.65
226	0.01	120	109.83
227	0.01	120	110.83
228	0.01	121	110.91
229	0.01	121	111.91
230	0.01	121	112.91
231	0.01	121	113.91
232	0.01	122	113.97
233	0.01	122	114.97
234	0.01	124	114.10
235	0.01	124	115.10
236	0.01	124	116.10
237	0.01	125	116.16
238	0.01	126	116.23
239	0.01	127	116.31
240	0.01	128	116.39
241	0.01	128	117.39
242	0.01	131	115.68
243	0.01	132	115.80
244	0.01	132	116.80
245	0.01	132	117.80
246	0.01	132	118.80
247	0.01	132	119.80
248	0.01	132	120.80
249	0.01	133	120.88
250	0.01	133	121.88
251	0.01	133	122.88
252	0.01	133	123.88
253	0.01	133	124.88
254	0.01	134	124.94
255	0.01	135	125.01
256	0.01	136	125.08
257	0.01	136	126.08
258	0.01	136	127.08
259	0.01	136	128.08
260	0.01	136	129.08
261	0.01	136	130.08
262	0.01	136	131.08
263	0.01	136	132.08
264	0.01	137	132.11
265	0.01	138	132.14
266	0.01	139	132.19
267	0.01	139	133.19
268	0.01	140	133.23
269	0.01	141	133.28
270	0.01	142	133.33
271	0.01	142	134.33
272	0.01	142	135.33
273	0.01	142	136.33
274	0.01	142	137.33
275	0.01	142	138.33
276	0.01	143	138.36
277	0.01	143	139.36
278	0.01	145	138.42
279	0.01	145	139.42
280	0.01	145	140.42
281	0.01	145	141.42
282	0.01	145	142.42
283	0.01	148	140.51
284	0.01	148	141.51
285	0.00	148	142.51
286	0.01	149	142.55
287	0.01	149	143.55
288	0.01	149	144.55
289	0.01	150	144.58
290	0.01	150	145.58
291	0.01	150	146.58
292	0.01	151	146.60
293	0.01	151	147.60
294	0.01	151	148.60
295	0.01	151	149.60
296	0.01	151	150.60
297	0.01	152	150.61
298	0.01	153	150.61
299	0.01	153	151.61
300	0.01	154	151.62
301	0.01	154	152.62
302	0.01	156	151.65
303	0.01	156	152.65
304	0.01	156	153.65
305	0.01	158	152.70
306	0.01	158	153.70
307	0.01	158	154.70
308	0.01	160	153.75
309	0.01	161	153.79
310	0.01	161	154.79
311	0.01	161	155.79
312	0.00	161	156.79
313	0.01	161	157.79
314	0.01	161	158.79
315	0.01	161	159.79
316	0.00	162	159.80
317	0.00	162	160.80
318	0.00	163	160.80
319	0.00	163	161.80
320	0.00	164	161.81
321	0.00	164	162.81
322	0.01	164	163.81
323	0.01	164	164.81
324	0.01	164	165.81
325	0.01	164	166.81
326	0.01	164	167.81
327	0.01	164	168.81
328	0.01	165	168.78
329	0.01	165	169.78
330	0.01	165	170.78
331	0.01	165	171.78
332	0.01	165	172.78
333	0.01	165	173.78
334	0.01	165	174.78
335	0.00	165	175.78
336	0.00	166	175.72
337	0.00	166	176.72
338	0.00	168	175.60
339	0.00	168	176.60
340	0.00	169	176.55
341	0.00	171	175.47
342	0.01	171	176.47
343	0.01	172	176.44
344	0.01	172	177.44
345	0.01	172	178.44
346	0.01	172	179.44
347	0.01	172	180.44
348	0.01	173	180.39
349	0.01	175	179.32
350	0.01	175	180.32
351	0.01	177	179.27
352	0.01	177	180.27
353	0.01	177	181.27
354	0.01	179	180.23
355	0.00	179	181.23
356	0.00	179	182.23
357	0.00	179	183.23
358	0.00	180	183.21
359	0.00	182	182.19
360	0.00	182	183.19
361	0.00	182	184.19
362	0.00	183	184.17
363	0.00	183	185.17
364	0.00	184	185.16
365	0.00	184	186.16
366	0.00	184	187.16
367	0.00	186	186.14
368	0.00	186	187.14
369	0.00	186	188.14
370	0.00	187	188.13
371	0.01	187	189.13
372	0.01	188	189.12
373	0.01	189	189.11
374	0.01	189	190.11
375	0.01	189	191.11
376	0.00	189	192.11
377	0.00	189	193.11
378	0.00	190	193.09
379	0.01	190	194.09
380	0.01	191	194.07
381	0.01	191	195.07
382	0.01	192	195.05
383	0.01	194	194.03
384	0.01	194	195.03
385	0.01	194	196.03
386	0.01	194	197.03
387	0.01	195	197.01
388	0.01	196	197.00
389	0.01	196	198.00
390	0.01	196	199.00
391	0.01	197	198.98
392	0.00	197	199.98
393	0.00	197	200.98
394	0.00	199	199.95
395	0.00	199	200.95
396	0.00	199	201.95
397	0.00	200	201.94
398	0.00	200	202.94
399	0.00	200	203.94
400	0.00	200	204.94
401	0.00	202	203.90
402	0.00	202	204.90
403	0.00	202	205.90
404	0.00	202	206.90
405	0.00	203	206.88
406	0.00	204	206.86
407	0.00	206	205.84
408	0.00	206	206.84
409	0.00	207	206.84
410	0.00	208	206.84
411	0.00	209	206.84
412	0.00	210	206.85
413	0.00	210	207.85
414	0.00	210	208.85
415	0.00	210	209.85
416	0.00	210	210.85
417	0.00	210	211.85
418	0.00	210	212.85
419	0.00	210	213.85
420	0.00	211	213.83
421	0.00	212	213.82
422	0.00	212	214.82
423	0.00	212	215.82
424	0.00	212	216.82
425	0.00	212	217.82
426	0.00	212	218.82
427	0.00	213	218.79
428	0.00	213	219.79
429	0.00	213	220.79
430	0.00	214	220.75
431	0.00	214	221.75
432	0.00	215	221.72
433	0.01	215	222.72
434	0.01	215	223.72
435	0.01	216	223.68
436	0.01	216	224.68
437	0.01	216	225.68
438	0.01	217	225.63
439	0.01	218	225.59
440	0.01	218	226.59
441	0.01	218	227.59
442	0.01	218	228.59
443	0.01	218	229.59
444	0.01	218	230.59
445	0.01	218	231.59
446	0.01	218	232.59
447	0.01	218	233.59
448	0.01	219	233.52
449	0.01	219	234.52
450	0.01	220	234.45
451	0.01	220	235.45
452	0.01	220	236.45
453	0.01	220	237.45
454	0.01	220	238.45
455	0.01	220	239.45
456	0.01	221	239.36
457	0.01	222	239.28
458	0.01	222	240.28
459	0.01	222	241.28
460	0.01	223	241.19
461	0.01	223	242.19
462	0.01	223	243.19
463	0.01	223	244.19
464	0.01	224	244.10
465	0.01	224	245.10
466	0.01	225	245.00
467	0.01	225	246.00
468	0.01	225	247.00
469	0.01	225	248.00
470	0.01	227	246.81
471	0.01	227	247.81
472	0.01	227	248.81
473	0.01	228	248.71
474	0.01	228	249.71
475	0.01	229	249.62
476	0.01	229	250.62
477	0.01	230	250.53
478	0.01	230	251.53
479	0.01	230	252.53
480	0.01	230	253.53
481	0.01	230	254.53
482	0.01	230	255.53
483	0.01	231	255.42
484	0.01	233	254.21
485	0.01	233	255.21
486	0.01	233	256.21
487	0.01	233	257.21
488	0.01	233	258.21
489	0.01	233	259.21
490	0.01	235	258.00
491	0.01	235	259.00
492	0.01	235	260.00
493	0.01	237	258.80
494	0.01	238	258.71
495	0.01	238	259.71
496	0.01	238	260.71
497	0.01	238	261.71
498	0.01	238	262.71
499	0.01	239	262.60
500	0.01	239	263.60
501	0.01	239	264.60
502	0.01	240	264.50
503	0.01	242	263.30
504	0.01	243	263.21
505	0.01	244	263.13
506	0.01	245	263.05
507	0.01	245	264.05
508	0.01	245	265.05
509	0.01	245	266.05
510	0.01	245	267.05
511	0.01	246	266.96
512	0.01	247	266.88
513	0.01	248	266.80
514	0.01	248	267.80
515	0.01	249	267.72
516	0.01	249	268.72
517	0.01	249	269.72
518	0.01	249	270.72
519	0.01	250	270.63
520	0.00	252	269.48
521	0.00	255	267.29
522	0.00	255	268.29
523	0.00	255	269.29
524	0.00	255	270.29
525	0.00	256	270.23
526	0.00	256	271.23
527	0.00	256	272.23
528	0.00	256	273.23
529	0.00	257	273.17
530	0.00	258	273.10
531	0.00	258	274.10
532	0.00	258	275.10
533	0.00	258	276.10
534	0.00	259	276.03
535	0.00	259	277.03
536	0.00	260	276.97
537	0.00	262	275.84
538	0.00	262	276.84
539	0.00	262	277.84
540	0.00	262	278.84
541	0.00	262	279.84
542	0.00	262	280.84
543	0.00	263	280.77
544	0.00	263	281.77
545	0.01	263	282.77
546	0.01	263	283.77
547	0.01	264	283.69
548	0.01	266	282.55
549	0.01	266	283.55
550	0.00	266	284.55
551	0.00	267	284.48
552	0.00	267	285.48
553	0.00	267	286.48
554	0.00	268	286.41
555	0.00	268	287.41
556	0.00	268	288.41
557	0.00	268	289.41
558	0.00	269	289.33
559	0.00	269	290.33
560	0.00	269	291.33
561	0.00	269	292.33
562	0.00	269	293.33
563	0.00	270	293.24
564	0.00	270	294.24
565	0.00	270	295.24
566	0.00	270	296.24
567	0.00	271	296.14
568	0.00	272	296.05
569	0.01	273	295.96
570	0.01	275	294.80
571	0.01	275	295.80
572	0.01	275	296.80
573	0.01	275	297.80
574	0.01	276	297.72
575	0.01	276	298.72
576	0.00	277	298.64
577	0.00	277	299.64
578	0.00	279	298.48
579	0.00	279	299.48
580	0.00	279	300.48
581	0.00	281	299.34
582	0.00	283	298.22
583	0.00	283	299.22
584	0.00	284	299.16
585	0.00	285	299.11
586	0.00	285	300.11
587	0.00	285	301.11
588	0.00	285	302.11
589	0.01	286	302.05
590	0.01	287	301.99
591	0.01	288	301.94
592	0.01	288	302.94
593	0.01	289	302.89
594	0.01	290	302.84
595	0.01	291	302.79
596	0.01	291	303.79
597	0.01	291	304.79
598	0.01	291	305.79
599	0.01	292	305.74
600	0.01	292	306.74
601	0.01	292	307.74
602	0.01	292	308.74
603	0.01	292	309.74
604	0.01	293	309.68
605	0.00	293	310.68
606	0.00	293	311.68
607	0.00	293	312.68
608	0.00	294	312.62
609	0.00	295	312.55
610	0.00	295	313.55
611	0.00	295	314.55
612	0.00	295	315.55
613	0.00	296	315.48
614	0.00	296	316.48
615	0.00	297	316.41
616	0.00	298	316.35
617	0.00	298	317.35
618	0.00	299	317.28
619	0.00	300	317.22
620	0.00	300	318.22
621	0.00	300	319.22
622	0.00	300	320.22
623	0.00	300	321.22
624	0.00	300	322.22
625	0.00	302	321.08
626	0.00	302	322.08
627	0.00	303	322.02
628	0.00	303	323.02
629	0.00	303	324.02
630	0.00	303	325.02
631	0.00	304	324.94
632	0.00	304	325.94
633	0.00	305	325.87
634	0.00	306	325.80
635	0.00	306	326.80
636	0.00	306	327.80
637	0.00	308	326.67
638	0.00	310	325.55
639	0.00	310	326.55
640	0.00	311	326.50
641	0.00	311	327.50
642	0.00	311	328.50
643	0.00	313	327.40
644	0.00	313	328.40
645	0.00	314	328.35
646	0.00	314	329.35
647	0.00	315	329.30
648	0.00	315	330.30
649	0.00	315	331.30
650	0.00	316	331.25
651	0.00	316	332.25
652	0.01	316	333.25
653	0.01	317	333.19
654	0.01	318	333.14
655	0.01	319	333.09
656	0.01	319	334.09
657	0.01	319	335.09
658	0.01	319	336.09
659	0.01	319	337.09
660	0.01	319	338.09
661	0.01	319	339.09
662	0.01	320	339.03
663	0.01	321	338.97
664	0.01	321	339.97
665	0.01	322	339.91
666	0.01	322	340.91
667	0.01	323	340.85
668	0.01	323	341.85
669	0.01	323	342.85
670	0.01	324	342.79
671	0.01	324	343.79
672	0.01	324	344.79
673	0.01	324	345.79
674	0.01	325	345.73
675	0.01	325	346.73
676	0.01	325	347.73
677	0.01	325	348.73
678	0.01	325	349.73
679	0.01	326	349.65
680	0.01	326	350.65
681	0.01	326	351.65
682	0.01	326	352.65
683	0.01	327	352.57
684	0.01	328	352.49
685	0.01	329	352.42
686	0.01	329	353.42
687	0.01	329	354.42
688	0.01	330	354.34
689	0.01	330	355.34
690	0.01	330	356.34
691	0.01	331	356.26
692	0.01	331	357.26
693	0.01	331	358.26
694	0.01	332	358.18
695	0.01	333	358.10
696	0.01	335	356.96
697	0.01	336	356.89
698	0.01	337	356.83
699	0.01	338	356.77
700	0.01	338	357.77
701	0.01	338	358.77
702	0.01	339	358.71
703	0.01	341	357.60
704	0.01	342	357.55
705	0.01	342	358.55
706	0.01	342	359.55
707	0.01	342	360.55
708	0.01	343	360.50
709	0.01	343	361.50
710	0.01	344	361.44
711	0.01	345	361.39
712	0.00	345	362.39
713	0.00	345	363.39
714	0.00	345	364.39
715	0.01	345	365.39
716	0.01	345	366.39
717	0.00	345	367.39
718	0.00	346	367.33
719	0.00	347	367.27
720	0.00	347	368.27
721	0.00	349	367.15
722	0.00	349	368.15
723	0.00	349	369.15
724	0.00	349	370.15
725	0.00	349	371.15
726	0.00	349	372.15
727	0.00	350	372.08
728	0.00	350	373.08
729	0.00	352	371.96
730	0.00	353	371.90
731	0.01	353	372.90
732	0.00	354	372.84
733	0.01	354	373.84
734	0.01	354	374.84
735	0.01	354	375.84
736	0.01	354	376.84
737	0.01	354	377.84
738	0.01	354	378.84
739	0.01	355	378.77
740	0.01	355	379.77
741	0.01	355	380.77
742	0.01	355	381.77
743	0.01	357	380.63
744	0.01	358	380.56
745	0.01	358	381.56
746	0.01	360	380.44
747	0.01	360	381.44
748	0.01	360	382.44
749	0.01	361	382.38
750	0.01	363	381.26
751	0.01	364	381.21
752	0.01	364	382.21
753	0.01	364	383.21
754	0.01	365	383.16
755	0.01	365	384.16
756	0.01	365	385.16
757	0.01	365	386.16
758	0.01	365	387.16
759	0.01	365	388.16
760	0.01	366	388.10
761	0.01	366	389.10
762	0.01	367	389.04
763	0.01	368	388.98
764	0.01	369	388.92
765	0.01	369	389.92
766	0.01	370	389.86
767	0.01	370	390.86
768	0.01	370	391.86
769	0.01	371	391.80
770	0.01	374	389.65
771	0.00	374	390.65
772	0.00	374	391.65
773	0.00	375	391.61
774	0.00	375	392.61
775	0.00	375	393.61
776	0.00	376	393.56
777	0.00	376	394.56
778	0.00	376	395.56
779	0.00	377	395.50
780	0.00	377	396.50
781	0.00	378	396.45
782	0.00	379	396.40
783	0.00	380	396.36
784	0.00	380	397.36
785	0.00	380	398.36
786	0.00	380	399.36
787	0.00	380	400.36
788	0.00	381	400.30
789	0.00	381	401.30
790	0.00	381	402.30
791	0.00	381	403.30
792	0.00	381	404.30
793	0.00	383	403.19
794	0.01	384	403.14
795	0.01	385	403.09
796	0.01	386	403.04
797	0.01	386	404.04
798	0.01	387	403.99
799	0.01	387	404.99
800	0.01	387	405.99
801	0.01	387	406.99
802	0.01	387	407.99
803	0.01	387	408.99
804	0.01	387	409.99
805	0.01	387	410.99
806	0.01	387	411.99
807	0.01	388	411.93
808	0.01	388	412.93
809	0.01	388	413.93
810	0.01	388	414.93
811	0.01	390	413.79
812	0.01	390	414.79
813	0.01	390	415.79
814	0.01	390	416.79
815	0.01	391	416.73
816	0.01	391	417.73
817	0.01	391	418.73
818	0.01	391	419.73
819	0.01	391	420.73
820	0.01	392	420.65
821	0.01	392	421.65
822	0.01	393	421.58
823	0.01	394	421.50
824	0.01	396	420.37
825	0.01	396	421.37
826	0.01	396	422.37
827	0.01	397	422.30
828	0.01	397	423.30
829	0.01	397	424.30
830	0.01	397	425.30
831	0.01	398	425.23
832	0.01	399	425.16
833	0.01	399	426.16
834	0.01	401	425.03
835	0.01	402	424.97
836	0.01	402	425.97
837	0.00	403	425.91
838	0.00	403	426.91
839	0.00	403	427.91
840	0.00	404	427.85
841	0.00	404	428.85
842	0.00	406	427.73
843	0.00	409	425.59
844	0.00	409	426.59
845	0.00	409	427.59
846	0.00	409	428.59
847	0.00	409	429.59
848	0.00	410	429.54
849	0.00	410	430.54
850	0.00	410	431.54
851	0.00	411	431.49
852	0.00	411	432.49
853	0.00	411	433.49
854	0.00	411	434.49
855	0.00	411	435.49
856	0.00	411	436.49
857	0.00	411	437.49
858	0.00	411	438.49
859	0.00	411	439.49
860	0.00	412	439.42
861	0.00	413	439.35
862	0.00	413	440.35
863	0.00	413	441.35
864	0.00	413	442.35
865	0.00	414	442.28
866	0.00	414	443.28
867	0.00	414	444.28
868	0.00	415	444.21
869	0.00	415	445.21
870	0.00	415	446.21
871	0.00	415	447.21
872	0.00	415	448.21
873	0.00	415	449.21
874	0.00	415	450.21
875	0.00	415	451.21
876	0.00	415	452.21
877	0.00	415	453.21
878	0.00	416	453.12
879	0.00	417	453.03
880	0.00	418	452.94
881	0.00	419	452.86
882	0.00	419	453.86
883	0.00	419	454.86
884	0.00	420	454.77
885	0.00	421	454.69
886	0.00	421	455.69
887	0.00	421	456.69
888	0.00	421	457.69
889	0.00	421	458.69
890	0.00	421	459.69
891	0.00	421	460.69
892	0.00	421	461.69
893	0.00	421	462.69
894	0.00	422	462.59
895	0.00	423	462.49
896	0.00	423	463.49
897	0.00	423	464.49
898	0.00	423	465.49
899	0.00	424	465.39
900	0.00	425	465.30
901	0.00	425	466.30
902	0.00	426	466.20
903	0.00	427	466.11
904	0.00	427	467.11
905	0.00	427	468.11
906	0.00	428	468.01
907	0.00	429	467.92
908	0.00	430	467.83
909	0.00	430	468.83
910	0.00	430	469.83
911	0.00	431	469.73
912	0.01	431	470.73
913	0.01	431	471.73
914	0.01	431	472.73
915	0.01	431	473.73
916	0.01	432	473.63
917	0.01	432	474.63
918	0.01	432	475.63
919	0.01	433	475.53
920	0.01	434	475.44
921	0.01	435	475.34
922	0.01	436	475.25
923	0.01	436	476.25
924	0.01	436	477.25
925	0.01	436	478.25
926	0.01	436	479.25
927	0.01	436	480.25
928	0.01	437	480.15
929	0.01	437	481.15
930	0.00	437	482.15
931	0.00	437	483.15
932	0.00	437	484.15
933	0.00	437	485.15
934	0.01	437	486.15
935	0.00	438	486.03
936	0.01	438	487.03
937	0.01	439	486.92
938	0.01	440	486.81
939	0.00	441	486.71
940	0.00	441	487.71
941	0.00	441	488.71
942	0.00	441	489.71
943	0.00	441	490.71
944	0.00	441	491.71
945	0.01	442	491.59
946	0.01	442	492.59
947	0.00	442	493.59
948	0.01	443	493.48
949	0.01	443	494.48
950	0.01	445	493.25
951	0.01	447	492.04
952	0.01	448	491.94
953	0.01	449	491.84
954	0.01	450	491.74
955	0.01	450	492.74
956	0.01	450	493.74
957	0.01	450	494.74
958	0.01	450	495.74
959	0.01	450	496.74
960	0.01	450	497.74
961	0.01	452	496.54
962	0.01	452	497.54
963	0.01	454	496.34
964	0.01	455	496.25
965	0.01	455	497.25
966	0.01	455	498.25
967	0.01	455	499.25
968	0.01	456	499.15
969	0.01	458	497.97
970	0.01	458	498.97
971	0.01	458	499.97
972	0.01	458	500.97
973	0.01	460	499.78
974	0.01	460	500.78
975	0.01	461	500.70
976	0.01	461	501.70
977	0.01	461	502.70
978	0.01	461	503.70
979	0.01	461	504.70
980	0.01	461	505.70
981	0.01	462	505.60
982	0.01	462	506.60
983	0.01	463	506.50
984	0.01	463	507.50
985	0.01	463	508.50
986	0.01	464	508.41
987	0.01	464	509.41
988	0.01	464	510.41
989	0.01	464	511.41
990	0.01	465	511.30
991	0.01	467	510.11
992	0.01	468	510.02
993	0.01	468	511.02
994	0.01	468	512.02
995	0.01	468	513.02
996	0.01	468	514.02
997	0.01	468	515.02
998	0.01	468	516.02
999	0.01	468	517.02
